1341.1
1358.9
1327.6
1377.9
1301.7
1382.0
1340.5
1302.6
1277.8
1336.2
1303.6
1323.9
1354.5
1309.4
1309.6
1393.0
1407.5
1355.3
1425.2
1342.0
1341.2
1386.3
1357.9
1347.5
1422.6
1384.4
1435.8
1404.1
1415.5
1315.9
1408.7
1364.9
1419.3
1408.0
1454.7
1423.4
1397.8
1326.0
1302.4
1361.6
1449.4
1333.5
1360.0
1333.7
1426.8
1340.7
1374.2
1402.6
1384.0
1393.5
1340.9
1361.0
1393.1
1370.0
1463.5
1444.4
1405.4
1369.9
1401.8
1402.1
1394.2
1397.2
1370.9
1367.8
1380.1
1464.0
1370.5
1458.2
1359.1
1369.6
1399.3
1425.0
1423.2
1431.6
1355.3
1353.3
1412.7
1381.7
1415.6
1418.2
1421.8
1443.3
1399.8
1431.6
1404.6
1354.8
1368.2
1356.6
1362.8
1430.0
1413.2
1494.9
1384.7
1423.9
1345.4
