757.7
758.9
731.5
750.7
644.3
714.6
753.4
732.2
765.5
766.9
758.4
673.1
753.4
748.3
730.7
735.5
744.8
697.0
741.8
749.4
659.3
754.7
715.7
831.8
738.2
757.9
746.5
739.9
731.6
778.3
747.0
776.3
737.0
742.6
741.6
646.9
891.8
927.6
865.3
822.6
764.6
768.9
756.5
775.7
759.8
765.1
721.2
782.3
762.1
780.1
754.6
750.9
772.1
748.5
917.2
744.0
755.0
672.1
761.6
762.6
727.1
772.6
754.8
764.2
753.0
788.8
759.1
748.7
766.8
767.2
764.4
778.5
785.3
768.9
780.4
750.9
764.9
769.2
760.0
741.5
727.2
719.8
757.8
758.0
768.1
758.4
686.1
775.9
742.9
761.1
765.3
769.5
745.3
760.0
770.0
