1666.5
1686.9
1820.4
1754.3
1794.5
1738.4
1739.7
1680.5
1767.8
1725.2
1723.6
1933.0
1850.0
1829.2
1763.0
1870.1
1840.6
1878.0
1706.6
1802.6
1616.0
1811.2
1851.2
1899.1
1910.0
1748.8
1747.7
1813.3
1957.6
1747.8
1906.8
1723.1
1927.7
1759.1
1758.8
1835.3
1776.3
1905.7
1888.9
1741.0
1850.8
1885.0
1765.6
1883.4
1918.3
1889.9
1888.1
1897.8
1678.0
1881.7
1746.7
1866.9
1696.4
1917.5
1735.6
1983.4
1861.1
1980.4
1882.3
1838.4
1778.7
1754.3
1817.9
1896.2
1951.6
1830.9
1846.8
1809.0
1927.3
1857.5
1826.6
1750.8
1800.9
1965.7
1855.0
1890.0
1773.0
1811.9
1835.4
1806.3
1509.7
1877.0
1797.4
2031.9
1852.4
2056.1
1825.5
1889.0
1876.8
1947.7
1969.3
1831.1
1882.4
1843.3
2029.5
1827.6
1840.5
