2039.2
2048.9
2134.2
1883.4
1941.7
1937.0
2059.1
2027.6
2120.3
1922.2
2121.2
2251.5
2102.2
2076.6
2118.8
2133.4
2298.3
2301.8
2084.6
2342.1
2214.9
2131.7
2254.9
1997.3
2150.8
2055.2
2237.3
2170.1
2252.4
2275.7
2126.5
2243.2
2219.7
2159.9
2172.0
2185.9
2253.5
2306.2
2097.6
2258.5
2211.0
1953.6
2049.9
2182.9
2397.1
2039.1
2181.9
2219.0
2331.7
1939.7
2504.9
2016.8
2015.3
2353.1
2115.7
2249.4
2254.4
2295.4
2153.6
2251.1
2300.4
2204.4
2217.4
2060.3
2099.3
2072.3
2051.7
2219.5
2203.1
2164.8
2159.3
2303.7
2108.8
2219.4
2085.2
2166.6
2104.5
2272.6
2216.7
2280.6
2120.1
2023.2
2196.0
2102.0
2004.9
2116.0
1994.7
2215.8
2162.5
2028.6
2261.0
2154.3
2111.6
2035.2
