3510.3
3322.0
3132.7
3322.4
3422.7
3262.3
3358.9
3151.4
3454.0
3579.9
3514.4
3192.4
3473.0
3804.6
3395.3
3861.7
3492.4
3370.4
3289.1
3384.9
3250.6
3418.8
3581.3
3440.2
3506.3
3344.6
3495.5
3443.8
3347.6
3871.6
3430.2
3562.5
3624.9
3042.4
3389.8
3517.5
3490.5
3460.1
3398.0
3494.3
3233.1
3434.2
3455.0
3343.4
3640.1
3486.2
3507.8
3302.3
3452.3
3432.0
3029.5
3331.1
3482.3
3381.8
3381.0
3403.4
3561.4
3249.0
3657.4
3376.4
3452.7
3401.5
3313.9
3283.2
3423.2
3353.5
3484.4
3510.5
3396.4
3587.8
3572.3
3489.9
3329.9
3474.1
3274.7
3495.7
3455.4
3530.5
3405.7
3781.8
3794.2
3553.2
3500.4
3472.9
3479.6
3230.5
3248.6
3569.1
3542.8
3334.4
3642.2
3461.7
3508.5
3570.9
3248.6
3560.4
3806.9
3672.3
3286.9
3363.8
3679.2
3342.3
3416.1
3292.7
3275.5
3516.3
3338.2
3214.5
3450.5
3445.8
3511.1
3554.2
4220.5
3298.7
3376.7
3431.2
3653.7
3292.5
3499.4
