3246.8
3898.7
3790.7
3987.6
4067.1
3894.3
4260.3
3817.0
4029.1
3908.7
3861.0
3756.6
3866.5
3956.8
3754.9
3957.2
3709.3
3844.5
3726.4
3648.5
4667.7
4125.3
4021.4
4032.0
3844.3
3974.5
4037.4
4117.3
3910.5
4054.1
4212.5
3904.2
3850.1
3894.3
4097.3
4451.5
4470.6
4079.0
4186.7
3757.5
4122.1
4199.9
4025.7
3963.9
3699.0
3880.6
3742.9
4839.2
4090.5
3547.7
4522.7
3936.4
3736.7
3923.1
3849.8
3911.3
3905.3
3802.1
4117.6
4133.1
4163.4
3887.4
4133.3
3822.4
3988.3
3728.7
3959.4
3912.4
4082.1
3809.0
4066.2
4002.3
4244.6
4153.7
4058.9
3915.9
4046.6
3865.3
3885.7
4199.4
4057.4
4279.9
4254.6
4003.2
3982.1
3536.2
4024.1
3990.8
4112.4
3909.3
3729.8
3683.5
3912.5
3974.6
4222.5
3807.2
3570.8
4095.7
3876.5
3185.5
4243.2
3952.2
4107.0
4013.8
4084.6
4098.6
3999.7
3684.0
5554.2
3784.4
4276.8
4054.9
4298.5
4018.3
4101.0
3921.3
4302.3
3846.8
4061.8
3590.5
4070.0
3307.2
3966.3
4572.0
3869.5
4703.9
4165.4
4027.5
3890.0
3861.9
4360.7
3914.8
4113.0
3974.5
3991.6
4307.3
4015.9
3939.1
3781.5
3814.3
4098.6
4187.6
