1135.0
1268.6
1120.8
1124.6
1123.8
1100.1
1110.8
1079.4
1147.4
1359.1
1057.2
1097.8
1115.7
1136.7
1163.5
1105.5
1115.8
1154.2
1109.1
970.2
1128.0
988.5
1137.5
1294.6
1115.5
1149.2
1041.7
1108.1
1130.9
1147.7
1145.7
1131.0
1133.4
1148.3
1150.8
1153.1
1087.0
1135.6
1130.8
1182.5
1169.2
1132.2
1133.3
1105.6
963.5
1111.6
1165.9
1125.6
1127.9
1140.5
1166.6
1170.3
1001.9
1164.3
980.9
1167.1
1117.0
1149.5
1179.2
1186.1
1168.0
1131.1
995.4
1159.1
1139.0
1163.5
1311.9
1361.5
1156.7
1119.9
1105.3
1173.5
1178.0
1113.7
1156.5
983.9
1140.4
1138.6
1167.4
1094.2
1145.4
1124.1
1046.4
1164.0
1210.4
1012.1
1379.4
1130.7
1143.1
1135.4
1046.3
1121.5
1127.9
1145.1
1159.3
1141.5
1122.6
1148.9
1158.7
1180.2
1047.9
1345.9
1180.6
1172.6
1157.8
1134.4
1171.1
1166.7
1145.7
1306.9
1160.4
1129.2
1205.2
1309.8
1152.3
1148.2
1174.4
1174.9
1128.0
1185.7
1159.0
1111.5
1135.2
1185.6
1000.2
1152.8
1120.5
1193.0
1187.5
1177.6
1085.8
1180.7
1139.8
1179.8
1152.3
1213.7
1208.8
1202.1
1013.9
1185.0
1144.7
1178.9
1159.4
1164.3
1169.5
1212.6
1186.5
1195.6
1106.0
1212.4
1181.6
1190.9
1151.4
1161.2
1087.6
1162.9
1127.4
1154.7
1152.8
