5158.3
3912.3
3879.8
4301.6
4063.0
4863.6
4045.9
4557.2
4243.4
3999.7
4925.0
4438.5
4522.7
4460.8
3808.4
3753.9
4513.6
4484.2
4657.8
4137.7
4421.2
4196.7
4719.2
4052.9
4496.5
4759.2
4791.3
4245.8
3786.9
4947.7
3607.6
3797.4
4336.4
4387.3
4250.5
3913.4
4367.4
4546.8
4482.5
3960.3
4839.2
3979.5
4485.1
5034.2
3319.2
3640.1
5249.3
4356.4
4067.9
4823.4
4595.0
4021.6
3829.7
4452.9
4472.3
4184.0
4478.8
4631.7
5121.1
4741.2
4223.5
4426.8
4555.0
3882.0
4523.1
4168.2
4617.8
4316.4
4152.8
4046.1
4489.3
4239.1
4821.1
5151.8
4875.4
5115.1
4434.0
4843.2
3950.8
4233.3
4326.4
4642.1
3233.8
3894.9
4694.9
5642.7
4726.6
4691.9
4148.4
4386.7
6849.4
4012.8
