2776.5
2694.5
2769.1
2680.6
2787.5
2657.0
2729.4
2769.0
2766.9
2793.6
2785.6
2795.2
2794.3
2830.0
3210.1
2947.7
2761.3
2867.2
2929.6
2862.5
2995.5
2796.5
2777.3
2884.2
2834.0
2807.0
2909.2
2687.4
2846.7
2902.9
2855.7
2987.7
2906.6
2829.0
2981.5
2734.7
2799.3
2790.0
2815.2
2959.6
2939.7
2778.2
3015.7
2810.2
2749.9
2891.6
2715.3
3071.3
2803.8
2793.9
2869.9
3059.0
2703.3
2901.1
2734.4
2864.1
2929.6
2917.4
2864.2
2900.7
2891.4
2913.2
2992.6
3017.4
2906.2
2838.7
3075.1
2964.3
2779.7
2810.1
2887.4
2965.4
2868.7
2973.1
2884.7
2929.0
2859.4
2919.5
2876.6
2665.5
2846.2
2794.6
2867.2
2922.1
2727.8
2786.7
2856.7
2776.2
2708.2
2892.3
2797.8
2950.9
2929.5
2867.4
2838.8
2863.7
2732.8
2904.2
2692.4
2901.0
2949.9
2913.1
2803.6
2919.0
3157.3
3109.3
2692.0
2902.9
2882.3
2816.1
2863.3
2968.1
2895.9
2853.7
2834.6
2775.6
2870.6
2810.6
2738.4
2893.6
2890.5
2922.0
2959.3
2838.5
2799.8
2818.8
2818.3
2724.2
2912.4
2919.8
