4155.0
5055.3
4028.1
3983.8
4401.8
4370.9
4041.9
4290.4
5620.4
4923.3
4440.2
4625.8
4349.3
5039.3
5684.9
4111.2
4022.0
4274.5
3955.4
5832.6
4446.0
4487.4
4424.9
4108.2
3972.1
3920.4
3485.3
4222.1
4980.8
4317.7
4775.6
4542.4
5042.1
3731.0
4690.4
5395.3
4842.6
4013.2
4156.7
4536.8
4921.2
3899.3
3979.3
4198.7
4413.1
4109.7
4040.9
4806.0
5830.9
4607.3
5171.3
3810.6
4704.6
4355.2
3744.1
4575.2
4168.8
4715.9
4755.0
4524.6
4899.0
4864.7
4714.3
4484.8
3593.5
4153.8
4133.1
4909.5
3956.9
4511.9
4143.5
4492.1
4945.2
4254.3
4582.0
4616.6
5152.2
4047.5
4558.5
4490.4
4436.2
3550.6
5348.7
4866.1
