1793.1
1919.7
2092.7
1952.4
2125.7
1955.4
2078.3
2008.4
2039.0
2088.3
1989.0
2060.0
2093.7
2024.0
2000.5
2037.1
2162.8
2101.9
2085.8
2044.1
2099.9
1981.3
2056.3
2136.9
2117.3
2048.1
2042.8
2046.8
2053.2
2047.8
2054.8
2147.5
2082.0
1988.6
2050.7
2151.8
2072.6
2048.5
2005.9
1955.7
2028.8
2030.7
2106.1
2172.0
2090.7
2152.8
2093.4
2037.0
2136.3
2020.2
2061.1
2051.6
2056.7
1986.9
2100.3
2033.5
2094.6
2080.2
2079.3
2020.5
2073.3
2043.4
2003.9
2127.4
2040.6
2009.8
2026.3
2084.0
2034.4
2048.6
2094.6
2136.1
2133.6
2136.7
2129.6
2075.1
2105.1
2018.6
2165.2
2107.2
2076.0
2102.5
2046.0
2054.9
2137.0
2044.6
2056.0
2132.7
2111.0
2152.0
2082.0
2115.6
2061.3
2075.8
2164.4
1964.4
2077.3
2136.9
2068.9
2090.6
2142.0
2144.1
2121.3
2113.7
1986.6
2040.9
2158.3
2104.9
2103.6
2128.0
2055.8
2097.5
2160.2
2096.8
2000.4
2053.6
2069.6
2041.8
2095.9
2185.1
2029.4
2105.5
2040.5
2043.3
2130.0
2068.0
2104.8
2087.0
2139.8
2029.8
2078.3
2103.3
2106.6
2169.7
1998.9
2080.4
