4236.5
3338.1
3818.4
4688.4
4164.4
4448.7
4360.9
4070.7
4597.1
4805.9
5254.8
4489.1
4980.9
5177.3
4689.7
4341.0
4255.2
3805.2
4177.1
4348.6
4457.1
4799.9
4948.4
4078.8
4152.7
5281.4
4399.0
4377.1
4940.9
4209.1
3507.2
4457.3
4563.4
4190.2
4187.0
4125.7
3310.2
4418.6
4928.5
3526.6
5130.9
4505.4
4371.9
4138.6
3772.1
4340.2
4515.3
4246.8
4170.5
3899.3
5005.8
6987.4
4815.6
4475.6
3999.4
3309.7
4232.7
3416.4
4030.3
4078.3
4961.7
4252.4
4767.7
5819.7
4065.3
3921.5
6979.5
4473.5
3501.8
4858.6
4078.4
3857.7
4181.8
4757.6
4133.6
4482.1
4703.2
4784.4
4849.7
4541.6
4674.4
5136.4
4216.1
4477.6
4756.8
4309.5
5546.1
4635.7
4505.5
4184.2
3826.6
