949.9
1177.0
1178.8
998.5
1033.1
1206.6
1113.1
1043.1
1094.2
1197.8
1107.8
1110.1
1101.9
1128.3
1127.7
1177.8
1174.9
1155.4
1119.7
1202.2
1142.3
1122.3
1182.0
1183.2
1119.0
1112.3
1221.4
1118.8
1142.5
1120.3
1151.6
1157.3
846.1
956.3
1132.7
1143.5
1226.2
1135.3
1095.5
1131.7
1146.9
1162.9
1185.3
1196.3
1075.1
994.8
1144.1
1142.8
1103.5
1157.8
1275.4
1133.7
1104.2
1151.1
1159.7
1187.2
1101.8
1243.2
1161.5
1211.6
1132.0
1135.9
1197.8
1180.5
1206.9
1109.1
1167.6
1151.3
1185.2
1163.8
1105.2
1215.9
1146.8
1189.9
1132.9
1161.2
928.0
1026.1
1236.6
1058.0
1138.5
1130.7
1122.5
1113.3
1148.3
1208.6
1042.9
982.3
1102.8
1159.5
1055.7
1135.4
1220.2
1115.3
1155.6
1145.6
1127.7
