923.4
842.5
914.9
890.9
764.1
849.9
766.3
833.3
859.6
862.2
936.1
784.8
871.7
796.1
909.5
842.5
919.4
836.6
912.5
886.1
753.7
771.2
922.4
893.5
809.5
852.8
978.3
853.1
835.9
891.1
808.1
885.2
856.1
841.0
817.2
863.1
865.0
837.5
824.2
955.8
895.6
854.7
813.4
883.5
853.6
867.7
938.9
882.9
922.6
832.0
845.1
813.8
829.6
817.5
886.4
901.2
949.7
837.5
869.7
869.8
861.1
822.5
904.8
936.7
888.9
832.7
962.9
774.2
720.5
896.9
888.4
846.5
924.3
887.1
824.3
805.0
900.9
781.0
853.4
814.9
895.2
797.4
926.9
979.4
904.3
877.1
866.0
869.6
847.9
758.7
883.2
834.7
927.1
875.3
891.7
857.0
929.2
829.9
853.1
910.7
